2SIO
1.45022 1.45333 1.45616 1.45714 1.45846 1.46146 1.46579 1.46942 1.47168 1.47454
SIO2
1.4500  1.4524  1.4551  1.4567  1.4591  1.4607  1.4633  1.4665  1.4694  1.4746
FK1
1.46239 1.46459 1.46729 1.46854 1.47069 1.47236 1.47552 1.47925 1.48231 1.48745
FK3
1.45612 1.45834 1.46107 1.46233 1.46450 1.46618 1.46937 1.47312 1.47621 1.48142
FK5
1.47917 1.48140 1.48410 1.48535 1.48749 1.48915 1.49229 1.49597 1.49898 1.50409
FK01
1.49008 1.49813 1.49408 1.49514 1.49700 1.49845 1.50123 1.50450 1.50719 1.51173
FK02
1.45021 1.45169 1.45357 1.45445 1.45600 1.45720 1.45950 1.46220 1.46441 1.46815
FK03
1.43346 1.43480 1.43652 1.43733 1.43875 1.43985 1.44195 1.44443 1.44646 1.44984
LF5
1.56665 1.57012 1.57488 1.57722 1.58144 1.58482 1.59149 1.59969 1.60674 1.61936
LF7
1.56061 1.56398 1.56862 1.57090 1.57501 1.57830 1.58476 1.59270 1.59951 1.61169
BK4
1.49141 1.49383 1.49679 1.49814 1.50048 1.50229 1.50573 1.50976 1.51307 1.51863
BK7
1.50687 1.50935 1.51243 1.51385 1.51633 1.51825 1.52190 1.52621 1.52976 1.53577
K7
1.50153 1.50396 1.50708 1.50855 1.51112 1.51314 1.51700 1.52159 1.52540 1.53189
KF5
1.51188 1.51465 1.51827 1.52001 1.52310 1.52555 1.53030 1.53603 1.54085 1.54930
KF6
1.50654 1.50923 1.51276 1.51444 1.51742 1.51977 1.52431 1.52979 1.53439 1.54240
KZF2
1.51796 1.52085 1.52457 1.52634 1.52944 1.53188 1.53658 1.54222 1.54695 1.55516
KZFS01
1.59826 1.60200 1.60690 1.60924 1.61340 1.61669 1.62310 1.63089 1.63750 1.64917
LLF8
1.52023 1.52321 1.52719 1.52912 1.53256 1.53532 1.54072 1.54739 1.55316 1.56366
VAC
0.99973 0.99973 0.99972 0.99972 0.99972 0.99972 0.99972 0.99972 0.99972 0.99972
